0 2.14918
0.02 1.65837
0.04 0.956424
0.06 -0.184712
0.08 -1.259
0.1 -1.35584
0.12 -2.41999
0.14 -1.00302
0.16 -0.834716
0.18 1.96413
0.2 1.69991
0.22 2.21763
0.24 2.05727
0.26 1.08779
0.28 0.15566
0.3 -0.608119
0.32 -1.68736
0.34 -0.73855
0.36 -1.36172
0.38 0.0715013
0.4 0.883112
0.42 2.20333
0.44 2.58836
0.46 2.67298
0.48 1.25688
0.5 0.078086
0.52 -2.19338
0.54 -2.10683
0.56 -2.79804
0.58 -1.2506
0.6 -1.46596
0.62 -0.0104037
0.64 1.35202
0.66 0.564091
0.68 1.60913
0.7 0.365715
0.72 0.101764
0.74 -1.57348
0.76 -1.587
0.78 -2.0011
0.8 -2.3931
0.82 -0.230479
0.84 -1.25642
0.86 0.960162
0.88 2.46067
0.9 1.70202
0.92 0.61605
0.94 -0.268436
0.96 -2.23453
0.98 -0.765502
1 -1.69905
1.02 -1.30117
1.04 -0.111261
1.06 0.883339
1.08 0.291015
1.1 2.29011
1.12 1.69711
1.14 1.84095
1.16 1.02406
1.18 -0.236672
1.2 -0.370886
1.22 -1.80352
1.24 -0.530764
1.26 -0.919257
1.28 1.14144
1.3 1.97783
1.32 2.72679
1.34 2.5859
1.36 1.63704
1.38 0.331967
1.4 -0.176969
1.42 -1.30257
1.44 -1.60916
1.46 -1.89604
1.48 -0.896356
1.5 0.290641
1.52 0.352206
1.54 0.992963
1.56 1.50804
1.58 1.31882
1.6 0.322073
1.62 0.650358
1.64 -2.4797
1.66 -1.35473
1.68 -2.30665
1.7 -1.38365
1.72 -0.355927
1.74 1.10676
1.76 1.71551
1.78 1.63618
1.8 1.13844
1.82 -0.171271
1.84 -0.821803
1.86 -1.05658
1.88 -1.23194
1.9 -1.59813
1.92 -0.890091
1.94 0.131971
1.96 -0.18003
1.98 1.12424
2 0.740301
2.02 1.3421
2.04 1.03066
2.06 0.0288339
2.08 -1.27578
2.1 -1.72745
2.12 -1.4118
2.14 -1.19985
2.16 0.143144
2.18 1.49178
2.2 1.71657
2.22 1.42741
2.24 1.37458
2.26 0.959518
2.28 0.394556
2.3 -0.949742
2.32 -0.0547517
2.34 -0.883123
2.36 -1.69383
2.38 -0.367746
2.4 -0.202822
2.42 0.870622
2.44 2.17402
2.46 2.20105
2.48 0.7612
2.5 -0.469725
2.52 -1.17475
2.54 -1.83267
2.56 -1.99155
2.58 -0.549182
2.6 0.0387865
2.62 -0.204813
2.64 1.70238
2.66 1.08178
2.68 0.511764
2.7 0.347286
2.72 -0.103834
2.74 -1.55131
2.76 -1.8771
2.78 -2.06468
2.8 -1.04199
2.82 -0.890363
2.84 -1.22515
2.86 1.39903
2.88 1.54784
2.9 1.7523
2.92 1.15122
2.94 -0.625238
2.96 -1.25845
2.98 -1.5713
3 -1.76016
3.02 -1.29596
3.04 -0.51628
3.06 0.584503
3.08 0.751429
3.1 1.41028
3.12 1.7994
3.14 1.70338
3.16 1.71176
3.18 0.510773
3.2 -1.11785
3.22 -1.73565
3.24 -1.61346
3.26 -1.45574
3.28 0.773711
3.3 1.92438
3.32 1.92628
3.34 2.22016
3.36 2.41297
3.38 0.0988921
3.4 0.46379
3.42 -0.533976
3.44 -1.68152
3.46 -1.46392
3.48 -0.524526
3.5 -0.286092
3.52 0.502612
3.54 0.440062
3.56 0.886905
3.58 1.39438
3.6 1.1259
3.62 -0.670309
3.64 -1.16831
3.66 -2.0139
3.68 -2.5023
3.7 -1.07933
3.72 -0.852234
3.74 0.24834
3.76 1.10628
3.78 1.51924
3.8 0.760805
3.82 -0.228497
3.84 -1.38781
3.86 -1.38875
3.88 -2.19716
3.9 -1.71302
3.92 -1.52814
3.94 -0.806779
3.96 0.415037
3.98 0.801557
4 1.84762
4.02 1.78382
4.04 1.45014
4.06 -0.355439
4.08 -0.802364
4.1 -0.718216
4.12 -1.41099
4.14 -0.993081
4.16 0.928173
4.18 1.36007
4.2 1.77199
4.22 2.26463
4.24 1.40751
4.26 1.28123
4.28 0.257306
4.3 -0.809683
4.32 0.281307
4.34 -0.396348
4.36 0.166155
4.38 -0.396336
4.4 -0.193475
4.42 0.595502
4.44 1.74803
4.46 0.672025
4.48 0.795823
4.5 0.14838
4.52 -0.893702
4.54 -0.88424
4.56 -1.30839
4.58 -1.38581
4.6 -1.00909
4.62 0.554378
4.64 0.621745
4.66 0.692776
4.68 0.744777
4.7 0.0183238
4.72 -0.891645
4.74 -1.05856
4.76 -1.69855
4.78 -1.28919
4.8 -2.14527
4.82 -0.31442
4.84 -0.604572
4.86 0.177858
4.88 1.28239
4.9 1.22787
4.92 0.282104
4.94 -0.478732
4.96 0.229212
4.98 -1.79789
5 -2.09959
5.02 -1.08777
5.04 -0.318232
5.06 -0.368515
5.08 0.280947
5.1 1.25032
5.12 0.675313
5.14 1.75121
5.16 0.732456
5.18 -0.430885
5.2 -0.125
5.22 -2.09557
5.24 -1.10542
5.26 -0.262014
5.28 0.0118975
5.3 1.89869
5.32 2.38671
5.34 2.95241
5.36 0.79757
5.38 0.698028
5.4 0.165782
5.42 -1.4519
5.44 -0.961227
5.46 -0.759004
5.48 -0.12899
5.5 0.954465
5.52 1.25176
5.54 0.942134
5.56 1.75703
5.58 1.07236
5.6 0.175643
5.62 -1.11627
5.64 -1.72103
5.66 -2.38959
5.68 -3.09712
5.7 -2.29297
5.72 0.109981
5.74 0.298258
5.76 1.22948
5.78 1.24708
5.8 0.375015
5.82 -1.33448
5.84 -1.64663
5.86 -0.733177
5.88 -2.07207
5.9 -1.11478
5.92 -1.22227
5.94 -0.412375
5.96 -0.133671
5.98 -0.0203577
6 1.02338
6.02 1.43418
6.04 1.12683
6.06 -0.510464
6.08 -0.444375
6.1 -0.693356
6.12 -1.16287
6.14 -0.208623
6.16 0.575887
6.18 2.0137
6.2 2.34594
6.22 1.29235
6.24 2.32124
6.26 0.758983
6.28 0.805434
6.3 0.409028
6.32 -0.524608
6.34 -0.539622
6.36 -1.19425
6.38 -0.213469
6.4 -0.259727
6.42 1.78847
6.44 1.31248
6.46 1.73275
6.48 0.663726
6.5 0.538623
6.52 -0.26932
6.54 -1.47201
6.56 -1.84042
6.58 -0.566899
6.6 -0.534993
6.62 0.126723
6.64 0.823811
6.66 0.338395
6.68 0.287692
6.7 0.583734
6.72 -0.35157
6.74 -1.10707
6.76 -2.38218
6.78 -2.13443
6.8 -1.65009
6.82 -1.76917
6.84 -0.735618
6.86 0.435481
6.88 0.718788
6.9 1.1374
6.92 0.971426
6.94 -0.62321
6.96 -0.829729
6.98 -1.97884
7 -2.29428
7.02 -0.302005
7.04 0.0356861
7.06 0.451653
7.08 1.01403
7.1 0.387348
7.12 1.2848
7.14 0.937374
7.16 1.85379
7.18 0.593169
7.2 0.271277
7.22 -0.431679
7.24 -0.387215
7.26 -1.21336
7.28 0.719936
7.3 1.19613
7.32 2.20312
7.34 2.12243
7.36 1.51816
7.38 0.873801
7.4 -0.814659
7.42 -1.13045
7.44 -1.3814
7.46 -0.621061
7.48 -0.153559
7.5 0.22539
7.52 0.608194
7.54 0.581991
7.56 1.97926
7.58 0.844795
7.6 0.379583
7.62 -0.723211
7.64 -0.828892
7.66 -1.16974
7.68 -1.42839
7.7 -0.724318
7.72 -0.552936
7.74 0.538223
7.76 0.936276
7.78 1.63818
7.8 -0.0939796
7.82 -0.346401
7.84 0.0324504
7.86 -1.04122
7.88 -0.573175
7.9 -0.828946
7.92 -0.699651
7.94 -0.269474
7.96 0.268733
7.98 1.10752
8 1.37681
8.02 1.27424
8.04 0.2419
8.06 0.130043
8.08 0.10012
8.1 -0.261716
8.12 -0.556261
8.14 -0.492528
8.16 1.41687
8.18 1.47069
8.2 0.534441
8.22 0.897761
8.24 1.64192
8.26 1.40472
8.28 0.242563
8.3 -0.313461
8.32 -0.161082
8.34 0.00635092
8.36 -0.523339
8.38 0.0326
8.4 -0.0617376
8.42 0.590966
8.44 1.89718
8.46 0.804065
8.48 0.857643
8.5 0.45128
8.52 -0.711534
8.54 -1.63812
8.56 -1.26803
8.58 -1.69542
8.6 -0.260746
8.62 0.662497
8.64 -0.0731279
8.66 0.625394
8.68 0.478836
8.7 -0.143583
8.72 -0.499577
8.74 -0.879342
8.76 -0.951668
8.78 -1.52386
8.8 -1.16806
8.82 0.366432
8.84 0.244845
8.86 0.591921
8.88 0.0810713
8.9 1.28433
8.92 0.469138
8.94 0.0771159
8.96 -0.473769
8.98 -1.05368
9 -1.13204
9.02 -0.358207
9.04 0.140162
9.06 -0.0481374
9.08 0.0511244
9.1 1.12024
9.12 -0.153677
9.14 0.800122
9.16 0.123455
9.18 1.16573
9.2 0.140097
9.22 -0.597781
9.24 -1.85132
9.26 -0.482401
9.28 -0.175567
9.3 0.721555
9.32 1.41659
9.34 1.3993
9.36 1.08443
9.38 -0.317393
9.4 -0.763204
9.42 -0.723361
9.44 -1.35142
9.46 0.0871409
9.48 -0.0982684
9.5 -0.457234
9.52 0.186789
9.54 0.324659
9.56 1.48857
9.58 1.03121
9.6 0.588767
9.62 -1.11474
9.64 -0.319252
9.66 -2.03207
9.68 -1.97867
9.7 -0.124324
9.72 -0.223116
9.74 0.47644
9.76 0.403327
9.78 0.797408
9.8 0.573985
9.82 -0.652536
9.84 -0.145553
9.86 -1.88521
9.88 -1.63957
9.9 -1.27328
9.92 0.148814
9.94 -0.50722
9.96 -0.0169804
9.98 0.655938
10 1.18205
10.02 1.2456
10.04 -0.206149
10.06 1.11484
10.08 -1.60798
10.1 -1.24687
10.12 -1.39567
10.14 -0.175958
10.16 1.14007
10.18 1.09356
10.2 1.14505
10.22 0.77217
10.24 0.660848
10.26 0.708975
10.28 0.689074
10.3 0.324018
10.32 0.592582
10.34 0.455661
10.36 -0.645508
10.38 0.431859
10.4 0.929664
10.42 0.489477
10.44 2.03864
10.46 0.19503
10.48 0.182363
10.5 -0.178391
10.52 -0.938264
10.54 -0.824588
10.56 -0.415177
10.58 -1.34111
10.6 -0.311411
10.62 -0.195165
10.64 0.658902
10.66 -0.759298
10.68 -0.379203
10.7 -0.0135559
10.72 -0.740584
10.74 -1.10734
10.76 -1.56107
10.78 -1.57003
10.8 -1.25405
10.82 -1.11787
10.84 -0.279784
10.86 0.246459
10.88 1.87941
10.9 0.616765
10.92 0.873955
10.94 -0.390915
10.96 -0.871685
10.98 -1.4272
11 -0.811478
11.02 0.221252
11.04 -0.377644
11.06 0.598925
11.08 1.17354
11.1 1.18496
11.12 1.51245
11.14 1.20711
11.16 1.36862
11.18 0.256431
11.2 -0.289861
11.22 0.299218
11.24 0.395671
11.26 0.384472
11.28 0.937747
11.3 -0.314816
11.32 1.63457
11.34 1.3716
11.36 0.436225
11.38 -0.181175
11.4 -0.311998
11.42 -0.611761
11.44 -0.572704
11.46 0.265982
11.48 0.267512
11.5 1.30633
11.52 0.155461
11.54 0.575466
11.56 -0.0688029
11.58 -0.515074
11.6 -0.218238
11.62 -0.536204
11.64 -1.82051
11.66 -1.04687
11.68 -1.34369
11.7 -0.742254
11.72 -0.714304
11.74 -0.0661133
11.76 0.730281
11.78 -0.162546
11.8 0.12763
11.82 -1.46656
11.84 -0.37803
11.86 -1.21875
11.88 -1.19373
11.9 -1.17769
11.92 -0.989433
11.94 -0.598875
11.96 -0.112913
11.98 0.0141511
12 0.728458
12.02 0.455148
12.04 0.686097
12.06 0.691819
12.08 -0.413949
12.1 -0.957432
12.12 -0.772893
12.14 -0.609123
12.16 0.847657
12.18 0.476866
12.2 1.49906
12.22 0.663237
12.24 0.985973
12.26 1.19481
12.28 0.52957
12.3 0.543587
12.32 0.224109
12.34 -0.748364
12.36 -0.951878
12.38 0.465805
12.4 -0.00117555
12.42 -0.0540785
12.44 0.601584
12.46 1.27428
12.48 1.26356
12.5 0.0598761
12.52 -1.55536
12.54 0.15783
12.56 -1.40226
12.58 -0.512176
12.6 -0.252211
12.62 -0.67698
12.64 0.352877
12.66 0.0410645
12.68 -0.00317174
12.7 -0.641285
12.72 -1.74351
12.74 -0.925435
12.76 -0.996506
12.78 -0.619829
12.8 -1.23242
12.82 -0.850427
12.84 0.0046379
12.86 -0.700661
12.88 0.0741272
12.9 0.372549
12.92 0.638276
12.94 0.0643949
12.96 -0.782643
12.98 -0.875427
13 -0.597574
13.02 -1.54024
13.04 -0.232215
13.06 -0.00592611
13.08 0.164613
13.1 -0.24124
13.12 0.863662
13.14 0.864779
13.16 1.05285
13.18 1.45421
13.2 0.555684
13.22 -0.307505
13.24 -0.581472
13.26 0.329497
13.28 0.323027
13.3 0.455062
13.32 1.57549
13.34 1.40446
13.36 0.419191
13.38 0.617132
13.4 0.888482
13.42 -0.502104
13.44 0.208608
13.46 -0.694675
13.48 0.184635
13.5 0.330903
13.52 0.456297
13.54 0.801814
13.56 0.730054
13.58 1.38475
13.6 0.285502
13.62 -0.302931
13.64 -0.0625129
13.66 -2.11655
13.68 -0.821977
13.7 -0.265847
13.72 -0.551753
13.74 -0.104011
13.76 -0.449566
13.78 0.807798
13.8 -0.305589
13.82 -1.7176
13.84 -0.294222
13.86 -0.61911
13.88 -1.37823
13.9 -0.424496
13.92 -0.511945
13.94 -1.1626
13.96 0.533778
13.98 1.07012
14 0.830862
14.02 0.937014
14.04 0.585105
14.06 -0.131606
14.08 -0.210111
14.1 -0.441058
14.12 -1.01677
14.14 0.0813708
14.16 0.236701
14.18 0.190285
14.2 1.96351
14.22 1.04077
14.24 0.852745
14.26 0.150099
14.28 0.289438
14.3 0.894183
14.32 0.411293
14.34 0.312569
14.36 0.285673
14.38 0.511877
14.4 -0.0708142
14.42 0.710263
14.44 0.664777
14.46 0.387576
14.48 0.7599
14.5 0.0419373
14.52 -0.0656624
14.54 -0.486076
14.56 -1.14673
14.58 -0.135854
14.6 -0.495115
14.62 -0.265997
14.64 -0.31243
14.66 -0.764492
14.68 -1.28765
14.7 -0.339142
14.72 -0.835413
14.74 -0.996339
14.76 -0.816311
14.78 -1.0803
14.8 -1.75877
14.82 -1.28193
14.84 0.0281393
14.86 0.702744
14.88 0.942005
14.9 0.794244
14.92 -0.105192
14.94 -0.558766
14.96 0.452977
14.98 -1.39013
15 -0.0661051
15.02 -0.522418
15.04 1.31767
15.06 0.366855
15.08 0.728809
15.1 1.21173
15.12 -0.262618
15.14 1.21617
15.16 1.09592
15.18 1.35954
15.2 0.373443
15.22 -0.119467
15.24 -0.656782
15.26 -0.962351
15.28 0.994528
15.3 1.10505
15.32 2.59743
15.34 1.08381
15.36 0.498224
15.38 0.125932
15.4 -0.565615
15.42 -0.737145
15.44 -0.315924
15.46 -0.340987
15.48 -0.442902
15.5 0.445681
15.52 -0.100383
15.54 0.599392
15.56 1.10146
15.58 0.155914
15.6 0.600089
15.62 -1.01701
15.64 -0.0970315
15.66 -1.42208
15.68 -0.961544
15.7 -1.32242
15.72 -0.947712
15.74 -0.161084
15.76 0.509282
15.78 0.71463
15.8 -0.48984
15.82 -0.366941
15.84 -1.86152
15.86 0.0262193
15.88 -0.772802
15.9 -0.494863
15.92 -0.869171
15.94 -0.297593
15.96 -0.345755
15.98 0.177428
16 1.14748
16.02 0.878056
16.04 -0.131242
16.06 1.27028
16.08 -0.429796
16.1 -0.597162
16.12 -0.829938
16.14 0.17934
16.16 0.940583
16.18 2.03437
16.2 0.975602
16.22 0.657632
16.24 0.879227
16.26 0.421766
16.28 0.385639
16.3 0.959671
16.32 1.40408
16.34 0.318643
16.36 0.283639
16.38 0.481034
16.4 0.868994
16.42 0.0469199
16.44 1.1258
16.46 1.21047
16.48 1.39401
16.5 -0.574007
16.52 -0.195129
16.54 -0.546283
16.56 0.301872
16.58 -0.0552444
16.6 0.904467
16.62 -0.654191
16.64 0.263116
16.66 -0.302687
16.68 -1.03529
16.7 -0.249449
16.72 -0.273618
16.74 -0.409714
16.76 -1.07623
16.78 -0.359858
16.8 -0.982262
16.82 -0.271804
16.84 0.312408
16.86 0.541617
16.88 0.317295
16.9 1.18728
16.92 0.167353
16.94 0.217659
16.96 0.669618
16.98 -0.821495
17 -1.07616
17.02 -0.386874
17.04 0.168303
17.06 1.09913
17.08 0.750073
17.1 -0.14102
17.12 0.493539
17.14 0.0924059
17.16 1.1189
17.18 0.169446
17.2 0.160829
17.22 -0.132772
17.24 -2.09619
17.26 -0.0862939
17.28 0.490803
17.3 0.620835
17.32 1.97975
17.34 1.22579
17.36 0.844736
17.38 -0.203361
17.4 -0.0261865
17.42 0.211845
17.44 0.463602
17.46 -0.0543438
17.48 0.735498
17.5 -0.928253
17.52 -0.122483
17.54 0.975893
17.56 0.501731
17.58 -0.322739
17.6 -0.698782
17.62 -0.956768
17.64 -0.773881
17.66 0.055379
17.68 -1.68218
17.7 -1.36924
17.72 -0.451893
17.74 -0.396464
17.76 -0.453202
17.78 -0.0167929
17.8 -0.574063
17.82 -0.59139
17.84 -1.09457
17.86 -0.935683
17.88 -0.669973
17.9 -0.6944
17.92 -0.373784
17.94 -0.208402
17.96 -0.993652
17.98 0.812198
18 0.0143818
18.02 0.590785
18.04 -0.30231
18.06 0.630405
18.08 -0.38949
18.1 0.184585
18.12 0.600749
18.14 0.363864
18.16 0.782827
18.18 0.138381
18.2 0.61039
18.22 1.03895
18.24 0.915842
18.26 0.296988
18.28 0.762284
18.3 0.344602
18.32 -0.180759
18.34 -0.576224
18.36 -0.277595
18.38 -0.213528
18.4 0.619856
18.42 0.459175
18.44 1.12659
18.46 1.40554
18.48 0.720775
18.5 0.0367261
18.52 -0.769815
18.54 -0.102608
18.56 -0.136909
18.58 -1.53511
18.6 -0.10492
18.62 0.369328
18.64 -0.11339
18.66 -0.305828
18.68 -0.717306
18.7 -0.320805
18.72 -0.493356
18.74 -0.479785
18.76 -1.1662
18.78 -1.28762
18.8 -1.21811
18.82 -0.822391
18.84 0.0812444
18.86 -0.0410562
18.88 1.09515
18.9 0.928902
18.92 0.496231
18.94 -0.0533378
18.96 -0.4076
18.98 -0.376358
19 -1.42262
19.02 0.489276
19.04 0.604855
19.06 0.0244851
19.08 -0.208531
19.1 0.124859
19.12 1.05905
19.14 0.967556
19.16 0.594609
19.18 1.13578
19.2 -0.22073
19.22 0.0484306
19.24 0.336422
19.26 0.10381
19.28 -0.0934132
19.3 1.33233
19.32 1.64357
19.34 0.92679
19.36 1.45588
19.38 0.408581
19.4 -0.625433
19.42 -0.703469
19.44 0.708932
19.46 0.184701
19.48 0.926903
19.5 0.667331
19.52 -0.287578
19.54 -0.936064
19.56 -0.677282
19.58 -0.263875
19.6 0.120937
19.62 -0.328624
19.64 -0.974328
19.66 -0.729614
19.68 -1.29404
19.7 -0.500926
19.72 -0.806186
19.74 -0.270234
19.76 0.0377122
19.78 -0.358477
19.8 0.386228
19.82 -0.830501
19.84 -1.25876
19.86 -0.92008
19.88 -1.10881
19.9 -0.708206
19.92 -0.764655
19.94 -0.959021
19.96 0.13587
19.98 0.524469
20 -0.0395557
